00100100 00000101 00000000 00110100
10000000 10110000 00000000 00000000
10010000 10110001 00000000 00000001
10010000 10110010 00000000 00000010
00000110 00000001 00000000 00000100
00000000 00000000 00000000 00000000
00000010 01010001 00110000 00100011
00010000 00000000 00000000 00000010
00000000 00000000 00000000 00000000
00000010 01010001 00110000 00100001
10100000 10100110 00000000 00000011
00010000 00000000 11111111 11111111
00000000 00000000 00000000 00000000
11111100 00010011 00100000 00000000